sudoku 1 with 7 empty scares run nb 1:
6 7 2  | 9 8 1  | 5 3 4
0 3 1  | 5 7 6  | 9 8 2
5 8 9  | 2 4 3  | 7 6 1
- - - - - - - - - - - -
9 0 7  | 3 2 4  | 1 5 8
3 4 8  | 7 1 5  | 2 9 6
0 1 5  | 6 9 8  | 4 7 3
- - - - - - - - - - - -
7 9 6  | 4 3 2  | 0 1 5
0 5 4  | 1 0 9  | 3 2 7
1 0 3  | 8 5 7  | 6 4 9

Temps d'exécution: 14.635217666625977 secondes

sudoku 1 with 7 empty scares run nb 2:
6 7 2  | 9 8 1  | 5 3 4
0 3 1  | 5 7 6  | 9 8 2
5 8 9  | 2 4 3  | 7 6 1
- - - - - - - - - - - -
9 0 7  | 3 2 4  | 1 5 8
3 4 8  | 7 1 5  | 2 9 6
0 1 5  | 6 9 8  | 4 7 3
- - - - - - - - - - - -
7 9 6  | 4 3 2  | 0 1 5
0 5 4  | 1 0 9  | 3 2 7
1 0 3  | 8 5 7  | 6 4 9

Temps d'exécution: 24.934285640716553 secondes

sudoku 1 with 7 empty scares run nb 3:
6 7 2  | 9 8 1  | 5 3 4
0 3 1  | 5 7 6  | 9 8 2
5 8 9  | 2 4 3  | 7 6 1
- - - - - - - - - - - -
9 0 7  | 3 2 4  | 1 5 8
3 4 8  | 7 1 5  | 2 9 6
0 1 5  | 6 9 8  | 4 7 3
- - - - - - - - - - - -
7 9 6  | 4 3 2  | 0 1 5
0 5 4  | 1 0 9  | 3 2 7
1 0 3  | 8 5 7  | 6 4 9

Temps d'exécution: 24.676271438598633 secondes

sudoku 1 with 7 empty scares run nb 4:
6 7 2  | 9 8 1  | 5 3 4
0 3 1  | 5 7 6  | 9 8 2
5 8 9  | 2 4 3  | 7 6 1
- - - - - - - - - - - -
9 0 7  | 3 2 4  | 1 5 8
3 4 8  | 7 1 5  | 2 9 6
0 1 5  | 6 9 8  | 4 7 3
- - - - - - - - - - - -
7 9 6  | 4 3 2  | 0 1 5
0 5 4  | 1 0 9  | 3 2 7
1 0 3  | 8 5 7  | 6 4 9

Temps d'exécution: 28.44958758354187 secondes

sudoku 1 with 7 empty scares run nb 5:
6 7 2  | 9 8 1  | 5 3 4
0 3 1  | 5 7 6  | 9 8 2
5 8 9  | 2 4 3  | 7 6 1
- - - - - - - - - - - -
9 0 7  | 3 2 4  | 1 5 8
3 4 8  | 7 1 5  | 2 9 6
0 1 5  | 6 9 8  | 4 7 3
- - - - - - - - - - - -
7 9 6  | 4 3 2  | 0 1 5
0 5 4  | 1 0 9  | 3 2 7
1 0 3  | 8 5 7  | 6 4 9

Temps d'exécution: 25.732917547225952 secondes

!!!resultat!!!

une moyenne de 23.685 sec pour le temps de resolution